si	0,1	0,15	2,130	si
i	0,052	0,030	0,150	hv
l	0,040	0,030	0,100	li
v	0,049	0,030	0,150	s+
E	0,068	0,030	0,150	mv
n	0,052	0,030	0,120	na
t	0,072	0,030	0,200	b-	0,072	0,030	0,200	uv
o	0,056	0,030	0,150	mv
d	0,044	0,030	0,110	b+	0,044	0,030	0,110	vo
e	0,055	0,030	0,170	hv
O	0,075	0,030	0,180	mv
r	0,044	0,030	0,120	li
s:	0,131	0,080	0,200	s-
s	0,092	0,030	0,200	s-
k	0,066	0,030	0,330	b-	0,066	0,030	0,330	uv
u	0,049	0,030	0,190	mv
a	0,052	0,030	0,120	mv
f	0,115	0,040	0,510	s-
p	0,065	0,030	0,140	b-	0,065	0,030	0,140	uv
w	0,033	0,030	0,110	s+
m	0,063	0,030	0,130	na
t:	0,101	0,030	0,170	b-	0,101	0,030	0,170	uv
p:	0,103	0,050	0,150	b-	0,103	0,050	0,150	uv
d:Z	0,059	0,040	0,080	b+	0,059	0,040	0,080	vo	0,059	0,040	0,080	s+
v:	0,076	0,030	0,160	s+
l:	0,077	0,040	0,160	li
n:	0,065	0,040	0,100	na
L:	0,072	0,040	0,140	li
b:	0,048	0,030	0,100	b-	0,103	0,050	0,150	uv
tS	0,076	0,040	0,120	b-	0,076	0,040	0,120	uv	0,076	0,040	0,120	s-
f:	0,117	0,050	0,190	s-
j	0,035	0,030	0,070	li
dZ	0,055	0,040	0,090	b+	0,055	0,040	0,090	vo	0,055	0,040	0,090	s+
z	0,071	0,030	0,130	s+
r:	0,083	0,040	0,130	li
t:s	0,100	0,050	0,160	b-	0,100	0,050	0,160	uv	0,100	0,050	0,160	s-
b	0,040	0,030	0,090	b-	0,040	0,030	0,090	uv
m:	0,096	0,040	0,150	na
