si	0,1	0,15	2,130	si
l	0,040	0,030	0,110	li
@	0,055	0,030	0,190	mv
v	0,062	0,030	0,150	s+
a~	0,092	0,040	0,190	mv
d	0,044	0,030	0,090	b+	0,031	0,010	0,0462	vo
y	0,046	0,030	0,110	hv
n	0,065	0,030	0,130	na
O	0,086	0,030	0,200	mv
R	0,055	0,030	0,140	li
e	0,055	0,030	0,130	hv
s	0,114	0,040	0,180	s-
o	0,061	0,030	0,170	mv
E	0,068	0,030	0,190	mv
j	0,050	0,030	0,150	li
i	0,054	0,030	0,140	hv
p	0,079	0,030	0,160	b-	0,031	0,010	0,0462	uv
t	0,079	0,030	0,150	b-	0,031	0,010	0,0462	uv
k	0,077	0,030	0,190	b-	0,031	0,010	0,0462	uv
f	0,117	0,050	0,290	s-
2	0,096	0,040	0,280	mv
9~	0,055	0,040	0,110	mv
w	0,041	0,030	0,090	s+
a	0,057	0,030	0,190	mv
Z	0,098	0,030	0,150	s+
9	0,068	0,040	0,160	mv
e~	0,066	0,040	0,120	hv
m	0,052	0,030	0,110	na
b	0,049	0,030	0,100	b+	0,031	0,010	0,0462	vo
S	0,140	0,100	0,200	s-
o~	0,072	0,040	0,190	mv
u	0,061	0,030	0,190	mv
H	0,063	0,030	0,150	s-
J	0,073	0,030	0,120	na
