10
si	si	b-	
hv	hv	i	i:	e:	
mv	mv	E	O	a:	o	o:	2	2:	u	u:	y	y:	
vo	vo	
uv	uv	
b+	b+	
s-	s-	s	S	f	h	
s+	s+	z	Z	
na	na	m	F	n	N	J	v	
li	li	r	l	j	
49649	11241	51619	2985	10944	6805	12616	2882	13467	10350	
17
A
1,51436882621349	1,62386381356022	1,73335880090696	1,8428537882537	1,95234877560044	2,06184376294717	2,17133875029391	2,28083373764065	2,39032872498739	2,49982371233412	2,60931869968086	2,7188136870276	2,82830867437434	2,93780366172107	3,04729864906781	3,15679363641455	3,26628862376129	3,37578361110802	3,48527859845476	3,5947735858015	
0,775443614171484	4,05446232552519	8,18143366432355	16,2420189731918	18,163507824931	14,9207436202139	12,6910914620637	9,30935164857298	6,06860158311346	3,673790005841	2,10276138492215	1,37767125219038	0,922475779975428	0,680779069064835	0,398799573002477	0,275937078289593	0,100706962879413	0,0463252029245302	0,00805655703035308	0,00604241777276481	0	
0,0444800284672182	0,177920113868873	0,942976603505026	1,74361711591495	1,77030513299529	0,747264478249266	0,596032381460724	0,916288586424695	1,36108887109688	1,61907303620674	2,51756961124455	4,27897873854639	6,48518815052042	10,7018948492127	13,7265367849835	15,4612578952051	16,3597544702429	13,2283604661507	5,62227559825638	1,45004892803131	0,249088159416422	
0,110424456111122	0,251845250779752	0,836901141052713	1,56918963947384	1,63699413006839	1,094558205312	0,883395648888975	0,685793990584862	0,772971192777853	1,04418915515605	1,62343323194948	2,56882155795347	4,24262384005889	6,11402778046843	9,30858792305159	12,1680001549817	14,7833162207714	15,709331835177	13,669385303861	7,76845735097542	3,15775199054612	
0,301507537688442	0	0,402010050251256	1,80904522613065	1,44053601340033	2,24455611390285	2,34505862646566	3,58458961474037	4,58961474036851	5,52763819095477	8,17420435510888	10,284757118928	11,8592964824121	11,5912897822446	10,787269681742	8,77721943048576	7,87269681742043	4,28810720268007	2,81407035175879	0,904522613065327	0,402010050251256	
3,38998538011696	2,67726608187135	3,21637426900585	3,7280701754386	5,18092105263158	6,53326023391813	8,69883040935673	10,1151315789474	10,8918128654971	10,4440789473684	9,9780701754386	8,79934210526316	6,28654970760234	4,49561403508772	2,87828947368421	1,57163742690058	0,730994152046784	0,292397660818713	0,0639619883040936	0,0182748538011696	0,00913742690058479	
0	0,0587803085966201	0,558412931667891	1,91036002939015	3,15944158706833	4,09992652461425	4,95224099926525	6,58339456282146	9,80161645848641	12,9022777369581	15,0771491550331	14,121969140338	9,90448199853049	6,30418809698751	4,34974283614989	3,3651726671565	1,86627479794269	0,734753857457752	0,20573108008817	0,0293901542983101	0,014695077149155	
5,98446417247939	1,19689283449588	2,03709575142676	2,68706404565631	3,40837032339886	4,66074825618263	7,17343056436271	8,3148383005707	9,97939124920736	11,0336081166772	11,6994292961319	10,5976537729867	9,44831959416614	6,61857958148383	3,21020925808497	1,29201014584654	0,515218769816107	0,142675967025999	0	0	0	
3,60860513532269	0,832755031228314	1,17973629424011	2,0471894517696	3,85149201943095	4,82303955586398	8,29285218598196	8,29285218598196	9,61138098542679	9,88896599583622	11,0687022900763	9,29909784871617	8,95211658570437	7,21721027064538	5,10062456627342	3,36571825121443	1,63081193615545	0,624566273421235	0,242886884108258	0,0693962526023595	0	
0,155936734239252	0,408405732531373	0,787109229969555	1,51481398975273	2,19796539689612	2,15341204425633	2,32419989604218	3,02220242073216	3,77960941560852	4,90829434914977	7,00972748199302	10,0616321378184	13,3734313507091	16,6926561223732	15,1258632212074	9,56411970000743	5,06423108338903	1,42570728447316	0,38612905621148	0,0445533526397861	0	
0,193236714975845	0,821256038647343	2,02898550724638	1,91304347826087	1,15942028985507	1,72946859903382	1,86473429951691	2,6280193236715	2,70531400966184	3,38164251207729	4,11594202898551	5,41062801932367	7,46859903381643	8,89855072463768	10,7342995169082	12,512077294686	13,207729468599	10,7053140096618	5,75845410628019	2,23188405797101	0,531400966183575	
B
-4,53206696064921	-4,22154032307837	-3,91101368550753	-3,60048704793668	-3,28996041036584	-2,979433772795	-2,66890713522415	-2,35838049765331	-2,04785386008247	-1,73732722251162	-1,42680058494078	-1,11627394736994	-0,805747309799093	-0,49522067222825	-0,184694034657406	0,125832602913437	0,436359240484281	0,746885878055124	1,05741251562597	1,36793915319681	
0	0,00402827851517654	0,00201413925758827	0,00604241777276481	0,0241696710910592	0,0503534814397067	0,124876633970473	0,263852242744063	0,511591371427421	0,934560615520957	1,98392716872445	5,37976595701827	20,4012165401116	58,1925114302403	11,7706298213458	0,0422969244093537	0,130919051743238	0,112791798424943	0,0443110636669419	0,0181272533182944	0,00201413925758827	
0,160128102481986	0,471488301752513	1,29881683124277	2,95347389022329	7,49933279957299	11,8494795836669	14,4649052575394	15,4167778667378	14,5538653144738	11,8761676007473	7,05453251490081	3,93203451650209	2,48198558847078	4,99065919402188	0,960768614891914	0,0266880170803309	0	0,00889600569344364	0	0	0	
3,15387744822643	3,77380421937659	6,1256514074275	9,38220422712567	11,4376489277204	12,5554543869505	12,3036091361708	11,1916154904202	9,19041438230109	6,50923109707666	4,12445029930839	2,3731571708092	1,77647765357717	4,92648055948391	1,09649547647184	0,0600554059551715	0,00774908463937697	0,00774908463937697	0,00193727115984424	0,00193727115984424	0	
0,536013400335008	0,33500837520938	0,804020100502512	1,97654941373534	2,68006700167504	4,72361809045226	7,1356783919598	9,04522613065327	11,7587939698492	14,572864321608	15,4773869346734	13,4673366834171	8,44221105527638	7,57118927973199	0,804020100502512	0,16750418760469	0	0,100502512562814	0,16750418760469	0,067001675041876	0,16750418760469	
0,0182748538011696	0,00913742690058479	0,00913742690058479	0,0365497076023392	0,091374269005848	0,283260233918129	0,584795321637427	1,16959064327485	2,31176900584795	4,17580409356725	8,40643274853801	15,2046783625731	24,1776315789474	25,5573830409357	8,14144736842105	1,8640350877193	1,24269005847953	1,65387426900585	1,76352339181287	1,28837719298246	2,01023391812865	
0,014695077149155	0,014695077149155	0,0440852314474651	0,17634092578986	0,352681851579721	0,940484937545922	2,21895664952241	3,45334313005143	5,686994856723	10,7274063188832	21,6752387950037	25,4812637766348	17,3989713445996	10,9625275532697	0,778839088905217	0,0440852314474651	0,014695077149155	0,014695077149155	0	0	0	
0	0	0	0	0,015852885225111	0,0396322130627774	0,0871908687381103	0,33291058972733	0,634115409004439	1,99746353836398	5,45339251743817	12,0878249841471	21,9086873811034	17,8107165504122	5,95275840202917	0,903614457831325	3,28154724159797	5,63570069752695	7,27647431832594	5,84178820545339	10,7403297400127	
0	0	0,0693962526023595	0,0693962526023595	0,381679389312977	0,763358778625954	1,42262317834837	2,60235947258848	4,64954892435808	6,83553088133241	10,6870229007634	13,324080499653	12,8383067314365	11,7626648160999	5,69049271339348	0,867453157529493	4,68424705065926	7,77238029146426	6,17626648160999	4,33726578764747	5,06592643997224	
0	0,0148511175465954	0,0742555877329769	0,252468998292121	0,801960347516151	2,5766688943343	5,90331922477167	11,6061483626643	18,2668745823123	19,1950694289745	15,2446721615802	10,0319299027252	7,19536645132546	7,49238880225737	1,23264275636742	0,09653226405287	0	0,00742555877329769	0,00742555877329769	0	0	
0,599033816425121	0,859903381642512	2,15458937198068	4,00966183574879	6,73429951690821	9,59420289855072	11,8454106280193	11,8260869565217	11,3526570048309	10,231884057971	8,57004830917874	6,39613526570048	6,03864734299517	6,80193236714976	2,84057971014493	0,0676328502415459	0,0483091787439614	0,0289855072463768	0	0	0	
AB
-9,16936157232459	-8,68676359483382	-8,20416561734305	-7,72156763985229	-7,23896966236152	-6,75637168487075	-6,27377370737998	-5,79117572988921	-5,30857775239845	-4,82597977490768	-4,34338179741691	-3,86078381992614	-3,37818584243538	-2,89558786494461	-2,41298988745384	-1,93039190996307	-1,4477939324723	-0,965195954981535	-0,482597977490768	0	
0	0,00201413925758827	0,00402827851517654	0,0100706962879413	0,0281979496062358	0,108763519909767	0,437068218896654	1,72208906523797	12,09289210256	24,6450079558501	11,5772724526174	9,52486454913493	10,4332413543072	10,7353622429455	8,61850188322021	6,09075711494693	3,15414207738323	0,366573344881065	0,0946645451066487	0,354488509335535	0	
0,133440085401655	0,400320256204964	1,04972867182635	2,80224179343475	8,30886931767636	16,101770305133	22,2844942620763	24,9888799928832	12,9703763010408	4,16333066453163	1,36998487679032	1,24544079708211	1,31660884262966	1,15648074014767	0,889600569344364	0,533760341606619	0,142336091095098	0,0711680455475492	0,0266880170803309	0,0444800284672182	0	
3,16550107518549	3,45802902032197	6,03847420523451	10,3004707568918	14,4636664793971	17,5846103179062	18,1386698696216	13,4233518665608	5,4689164842403	2,29760359557527	1,06549913791433	0,829152056413336	0,904705631647262	1,01513008775838	0,90858017396695	0,583118619113117	0,218911641062399	0,0464945078362618	0,00968635579922122	0,079428117553614	0	
0,569514237855946	0,33500837520938	0,871021775544389	2,07705192629816	4,02010050251256	8,00670016750419	14,6398659966499	23,5175879396985	20,2345058626466	11,7922948073702	5,42713567839196	2,74706867671692	1,47403685092127	1,57453936348409	1,10552763819095	0,402010050251256	0,234505862646566	0,301507537688442	0	0,67001675041876	0	
0,0182748538011696	0,00913742690058479	0,0182748538011696	0,0274122807017544	0,118786549707602	0,475146198830409	1,39802631578947	3,14327485380117	9,11915204678363	17,2057748538012	14,8026315789474	12,0888157894737	8,66228070175439	6,47843567251462	5,29970760233918	4,85197368421053	3,55445906432749	1,78179824561404	1,1421783625731	9,80445906432749	0	
0,014695077149155	0,014695077149155	0,0440852314474651	0,235121234386481	0,617193240264511	2,17487141807494	7,61204996326231	36,9287288758266	36,1939750183688	6,9948567229978	2,38060249816312	2,01322556943424	1,73401910360029	1,41072740631888	0,969875091844232	0,352681851579721	0,102865540044085	0,0734753857457752	0,0293901542983101	0,102865540044085	0	
0	0	0	0	0,0317057704502219	0,0634115409004439	0,277425491439442	1,21274571972099	3,48763474952441	7,28440076093849	6,40456563094483	6,89600507292327	7,87888395688015	7,86303107165504	7,30818008877616	6,5710209258085	4,93817374762207	3,55104629042486	3,08338617628408	33,148383005707	0	
0	0	0,0346981263011797	0,0693962526023595	0,520471894517696	1,17973629424011	3,43511450381679	5,3088133240805	8,29285218598196	8,25815405968078	8,36224843858432	6,55794587092297	7,14781401804303	5,20471894517696	4,30256766134629	4,02498265093685	2,9146426092991	2,5676613462873	2,7411519777932	29,0770298403886	0	
0	0,0148511175465954	0,0668300289596792	0,334150144798396	1,76728298804485	7,38100542065791	25,491943268731	37,2020494542214	15,3709066607262	4,00980173758075	2,01232642756367	1,58164401871241	1,48511175465954	1,20294052127423	0,935620405435509	0,556916907997327	0,378703497438182	0,0668300289596792	0,0222766763198931	0,118808940372763	0	
0,560386473429952	0,85024154589372	2,10628019323672	4,32850241545894	8,78260869565217	15,1787439613527	19,6521739130435	19,9710144927536	11,8647342995169	5,1207729468599	2,94685990338164	1,58454106280193	1,17874396135266	1,4975845410628	1,69082125603865	1,63285024154589	0,695652173913043	0,115942028985507	0,0966183574879227	0,144927536231884	0	
Entrophy
4,91425354250746	5,05775652030521	5,20125949810296	5,34476247590071	5,48826545369846	5,63176843149621	5,77527140929396	5,91877438709171	6,06227736488946	6,2057803426872	6,34928332048495	6,4927862982827	6,63628927608045	6,7797922538782	6,92329523167595	7,0667982094737	7,21030118727145	7,3538041650692	7,49730714286695	7,6408101206647	
0,0201413925758827	0,0322262281214123	0,0322262281214123	0,0825797095611191	0,181272533182944	0,334347116759653	0,561944852867127	0,890249551854015	1,46427924026667	2,10678966343733	3,28103285061129	5,10382887872868	7,40599005015207	10,9005216620677	15,4464339664444	18,3044975729622	15,7626538298858	11,2550101714033	4,68085963463514	1,65965074825273	0,493464118109126	
0,498176318832844	0,533760341606619	1,01414464905258	1,80588915576906	2,64211369095276	4,39462681256116	6,89440441241882	9,87456631972245	12,9703763010408	14,6250333600214	14,1980250867361	11,6270794413308	7,63277288497465	3,69184236277911	1,76140912730184	1,8147851614625	1,98380926963793	1,22764878569522	0,453696290365626	0,355840227737746	0	
1,14492725546795	1,06549913791433	1,75710494197873	2,72574052190085	3,57039074759294	5,14345492938647	7,24345686665762	9,49456595439664	12,0672620546698	13,5918944574672	12,662004300742	10,1706735891823	7,10978515662837	3,92297409868459	2,48939344039985	1,9702047695616	1,83072124605281	1,28053623665704	0,501753230399659	0,213099827582867	0,0445572366764176	
0,703517587939698	0,770519262981574	1,30653266331658	2,07705192629816	4,15410385259631	5,52763819095477	6,36515912897822	7,63819095477387	8,84422110552764	10,0167504187605	9,44723618090452	7,97319932998325	6,59966499162479	5,92964824120603	5,09212730318258	5,39363484087102	4,25460636515913	3,98659966499162	2,44556113902848	1,4070351758794	0,067001675041876	
0,0548245614035088	0	0,0274122807017544	0,0548245614035088	0,182748538011696	0,173611111111111	0,365497076023392	0,721856725146199	0,904605263157895	1,54422514619883	2,19298245614035	2,73209064327485	3,70065789473684	5,30884502923977	7,48355263157895	9,87755847953216	12,1619152046784	16,8585526315789	17,5073099415205	14,172149122807	3,97478070175439	
5,5547391623806	3,3651726671565	4,14401175606172	5,61351947097722	7,64144011756062	8,49375459221161	9,36076414401176	9,27259368111683	9,52240999265246	8,22924320352682	6,8626010286554	5,05510653930933	4,0852314474651	3,04188096987509	2,27773695811903	2,33651726671565	2,14548126377664	1,42542248346804	0,955180014695077	0,529022777369581	0,0881704628949302	
0	0	0,00792644261255549	0,00792644261255549	0,015852885225111	0,0554850982878884	0,134749524413443	0,277425491439442	0,317057704502219	0,412175015852885	0,753012048192771	1,05421686746988	1,87856689917565	2,93278376664553	4,14552948636652	6,82466708941027	11,7549143944198	19,1344324667089	23,7476220672162	19,5307545973367	7,0149017121116	
0	0	0,0693962526023595	0,104094378903539	0,0693962526023595	0,624566273421235	0,936849410131853	1,35322692574601	2,11658570437196	2,81054823039556	3,12283136710618	3,78209576682859	3,88619014573213	4,99653018736988	6,24566273421235	9,33379597501735	12,2831367106176	16,8285912560722	17,2449687716863	11,3462873004858	2,84524635669674	
4,37365411747234	3,2301180663845	4,80433652632361	5,99985148882453	8,24237023836044	9,80173758075295	11,0343803371204	11,0046781020272	9,44531075963466	8,0418801514814	5,56916907997327	3,79446053315512	2,71775451102696	1,75243187049826	2,12370980916314	2,76230786366674	2,14598648548303	1,49996287220613	0,861364817702532	0,594044701863815	0,200490086879038	
0,734299516908213	0,51207729468599	1,10144927536232	1,92270531400966	3,23671497584541	5,40096618357488	7,41062801932367	10,2512077294686	11,8260869565217	13,1980676328502	11,1787439613527	8,26086956521739	5,91304347826087	3,47826086956522	2,96618357487923	3,65217391304348	3,38164251207729	2,64734299516908	1,83574879227053	0,888888888888889	0,202898550724638	
Entrophy2
4,0316727765926	4,12516349384445	4,2186542110963	4,31214492834815	4,4056356456	4,49912636285185	4,59261708010369	4,68610779735554	4,77959851460739	4,87308923185924	4,96657994911109	5,06007066636294	5,15356138361478	5,24705210086663	5,34054281811848	5,43403353537033	5,52752425262218	5,62101496987403	5,71450568712587	5,80799640437772	
0,0362545066365889	0,0120848355455296	0,0402827851517654	0,0604241777276481	0,108763519909767	0,124876633970473	0,217527039819533	0,441096497411831	0,563958992124715	0,89629196962678	1,18028560494673	1,98795544723962	3,10378859594352	4,86213216781808	7,51072529154666	11,2187556647667	17,3215976152591	20,5683900984914	18,1473947108703	10,1492477189873	1,44816612620597	
7,36589271417134	2,91788986744952	3,59398630015123	4,59033893781692	5,98701183168757	6,85882038964505	8,04198914687306	8,86042167066987	9,20736589271417	8,58464549417312	7,89075705008451	6,52966817898763	4,99955519971533	3,88755448803487	2,66880170803309	1,93043323547727	1,50342496219198	1,88595320701005	1,71692909883462	0,889600569344364	0,0889600569344364	
0,39714058776807	0,33321063949321	0,488192332280749	0,617989499990314	0,676107634785641	1,01513008775838	1,66992773978574	2,53395067707627	3,54326895135512	4,88579786512718	5,90867703752494	7,487553032798	9,13035897634592	10,2636626048548	11,4647707239582	11,2787926926132	11,1431837114241	9,34152153276894	5,52509734787578	2,08062922567272	0,215037098742711	
0,871021775544389	0,402010050251256	0,703517587939698	1,17252931323283	2,01005025125628	3,28308207705193	4,82412060301507	5,15912897822446	6,63316582914573	6,80067001675042	8,04020100502512	8,34170854271357	8,60971524288107	9,74874371859296	8,30820770519263	6,7001675041876	6,13065326633166	4,95812395309883	3,785594639866	2,81407035175879	0,703517587939698	
0,0548245614035088	0,00913742690058479	0,0730994152046784	0,0822368421052632	0,0730994152046784	0,137061403508772	0,146198830409357	0,319809941520468	0,484283625730994	0,511695906432749	0,804093567251462	1,34320175438596	2,41228070175439	3,41739766081871	5,78399122807018	8,4155701754386	13,4411549707602	19,1977339181287	22,249634502924	16,438230994152	4,60526315789474	
2,46877296105805	1,82218956649522	2,51285819250551	3,37986774430566	4,21748714180749	4,87876561351947	6,75973548861132	8,00881704628949	8,69948567229978	8,86113152094049	8,8905216752388	8,43497428361499	6,89199118295371	5,77516531961793	4,8052902277737	4,23218221895665	3,3651726671565	2,88023512123439	2,26304188096988	0,793534166054372	0,0587803085966201	
0,0237793278376665	0,0237793278376665	0,00792644261255549	0,0475586556753329	0,0554850982878884	0,0792644261255549	0,142675967025999	0,237793278376665	0,317057704502219	0,515218769816107	0,863982244768548	1,3712745719721	1,98161065313887	3,38459099556119	6,11921369689283	9,49587824984147	13,9346861128725	19,1502853519341	24,2707672796449	15,7260621433101	2,25110970196576	
0,208188757807078	0,277585010409438	0,173490631505899	0,381679389312977	0,624566273421235	1,21443442054129	2,08188757807078	3,36571825121443	3,99028452463567	5,96807772380291	8,29285218598196	9,26439972241499	10,0971547536433	10,4788341429563	9,9236641221374	7,94587092297016	8,0499653018737	7,07841776544067	6,41915336571825	3,95558639833449	0,208188757807078	
2,5840944531076	1,38857949060667	1,89351748719091	2,62864780574738	3,44545927081013	4,59642088067127	5,94787257741145	6,86121630652707	7,38100542065791	7,93792232865523	8,9923516744635	8,22751912081384	7,84881562337566	6,88349298284696	5,89589366599837	5,06423108338903	4,52216529293829	3,69792826910225	2,76973342244004	1,22521719759412	0,207915645652335	
1,14975845410628	0,405797101449275	0,811594202898551	0,946859903381643	1,15942028985507	1,86473429951691	2,49275362318841	3,60386473429952	4,49275362318841	5,31400966183575	6,743961352657	7,78743961352657	9,23671497584541	10,048309178744	10,0966183574879	9,95169082125604	8,68599033816425	7,05314009661836	4,98550724637681	2,79227053140097	0,376811594202899	
Mered
-1,31005498074043	-0,877114255501722	-0,444173530263014	-0,0112328050243051	0,421707920214403	0,854648645453111	1,28758937069182	1,72053009593053	2,15347082116924	2,58641154640795	3,01935227164665	3,45229299688536	3,88523372212407	4,31817444736278	4,75111517260149	5,18405589784019	5,6169966230789	6,04993734831761	6,48287807355632	6,91581879879503	
0,0563958992124715	0,0563958992124715	0,149046305061532	0,189329090213297	0,503534814397067	0,789542588974602	1,53880239279744	3,19241072327741	10,5540897097625	21,9521037684545	30,0429011661866	17,3900783500171	7,47245664565248	3,45223468750629	1,55491550685814	0,658623537231364	0,271908799774416	0,0966786843642369	0,0563958992124715	0,0201413925758827	0,00201413925758827	
0,00889600569344364	0	0	0	0,0978560626278801	0,160128102481986	0,409216261898408	0,711680455475492	1,38777688817721	3,0157459300774	5,25753936482519	6,51187616760075	10,1325504848323	13,8510808646918	16,2530024019215	15,6480740147674	12,1252557601637	8,04198914687306	3,78969842540699	1,77920113868873	0,818432523796815	
0,00193727115984424	0,00581181347953273	0,00387454231968849	0,0251845250779752	0,0329336097173521	0,102675371471745	0,176291675545826	0,470756891842151	1,38127433696895	2,85360041845057	3,7873651174955	3,3805381739282	5,07177589647223	7,95056084000077	12,2377419167361	15,782948139251	16,8465100060055	14,0568395358298	8,82427013309053	4,37629555008815	2,63081423506848	
0,33500837520938	0,134003350083752	0,268006700167504	0,201005025125628	0,50251256281407	0,469011725293132	0,770519262981574	1,94304857621441	3,85259631490787	6,33165829145729	10,8877721943049	10,6532663316583	11,3232830820771	11,4237855946399	10,9547738693467	11,2227805695142	8,60971524288107	5,09212730318258	3,18257956448911	1,17252931323283	0,67001675041876	
2,08333333333333	1,37061403508772	1,66301169590643	2,1655701754386	3,60928362573099	5,62865497076023	9,27448830409357	10,343567251462	12,9385964912281	17,1600877192982	15,1133040935673	8,58918128654971	4,91593567251462	2,56761695906433	1,35233918128655	0,566520467836257	0,374634502923977	0,146198830409357	0,100511695906433	0,0274122807017544	0,00913742690058479	
0	0	0,0440852314474651	0,11756061719324	0,11756061719324	0,352681851579721	0,426157237325496	1,14621601763409	2,4834680382072	4,04114621601763	6,62747979426892	9,11094783247612	12,608376193975	16,9434239529758	16,8111682586334	14,1660543717855	8,53783982365908	4,05584129316679	1,71932402645114	0,499632623071271	0,191036002939015	
9,36112872542803	4,61318960050729	5,42168674698795	6,48383005707039	8,18801521876982	11,9768547875713	14,354787571338	12,2622067216233	8,86968928344959	6,73747622067216	4,97780596068484	3,3291058972733	1,83100824350032	0,784717818642993	0,475586556753329	0,229866835764109	0,0713379835129994	0,0237793278376665	0,00792644261255549	0	0	
9,61138098542679	6,90492713393477	9,26439972241499	10,3400416377516	12,0749479528105	10,5482303955586	9,19500346981263	7,8764746703678	6,62734212352533	6,21096460791117	4,40666204024983	2,29007633587786	1,73490631505899	1,28383067314365	0,902151283830673	0,277585010409438	0,138792505204719	0,104094378903539	0,208188757807078	0	0	
0,00742555877329769	0	0	0,0594044701863815	0,0742555877329769	0,230192321972228	0,660874730823495	1,04700378703497	1,72272963540506	3,43803371203683	5,53204128610678	4,66325090963095	6,66072621964803	10,8413158090146	16,2174203608822	18,1629167594862	15,0516076334744	9,40818296576817	4,52959085171159	1,25491943268731	0,438107967624564	
0	0,0193236714975845	0,0289855072463768	0,0483091787439614	0,193236714975845	0,434782608695652	0,72463768115942	1,08212560386473	2,63768115942029	4,67632850241546	5,20772946859903	5,44927536231884	6,32850241545894	8,65700483091787	11,6135265700483	15,0821256038647	14,1739130434783	11,2270531400966	7,14009661835749	3,50724637681159	1,76811594202899	
VarY
0,930117409631952	1,00923535938014	1,08835330912833	1,16747125887653	1,24658920862472	1,32570715837291	1,4048251081211	1,48394305786929	1,56306100761748	1,64217895736567	1,72129690711386	1,80041485686206	1,87953280661025	1,95865075635844	2,03776870610663	2,11688665585482	2,19600460560301	2,2751225553512	2,35424050509939	2,43335845484759	
0,453181332957361	0,384700598199359	0,856009184475015	1,58915587423714	3,21255211585329	5,88531491067292	8,42514451449173	11,305363652843	14,1553707023304	14,5118733509235	12,2278394328184	9,19454571089045	6,65673024632923	4,91852806703055	2,90841708795746	1,61533968458579	0,904348526657133	0,495478257366714	0,165159419122238	0,0845938488187073	0,0503534814397067	
0,0177920113868873	0,0533760341606619	0,204608130949204	0,204608130949204	0,29356818788364	0,551552352993506	1,11200071168046	1,42336091095098	1,74361711591495	3,41606618628236	5,67565163241705	8,99386175607152	11,6715594697981	13,8866648874655	15,6124899919936	13,5041366426475	9,70554221154702	5,85357174628592	3,30931411796104	1,51232096788542	1,25433680277555	
0,0406826943567291	0,0464945078362618	0,0910517445126794	0,170479862066293	0,364206978050718	0,6392994827486	1,10037001879153	1,64086867238807	2,58044518491253	4,21162750150138	7,08266336039055	11,4647707239582	14,4636664793971	15,7422654448943	13,6112671690657	11,0598810515508	7,25895503593638	4,43247641372363	2,14649644510742	1,09068366299231	0,761347565818788	
0,067001675041876	0,268006700167504	0,569514237855946	1,30653266331658	1,70854271356784	2,1105527638191	2,54606365159129	2,98157453936348	4,15410385259631	4,35510887772194	5,49413735343384	7,67169179229481	9,94974874371859	13,0653266331658	13,6348408710218	11,4907872696817	9,14572864321608	4,79061976549414	2,84757118927973	1,03852596314908	0,804020100502512	
4,30372807017544	4,5687134502924	6,72514619883041	8,72624269005848	10,1425438596491	10,9100877192982	9,70394736842105	8,76279239766082	8,20540935672515	6,93530701754386	6,12207602339181	5,18092105263158	3,41739766081871	2,64071637426901	1,83662280701754	0,87719298245614	0,420321637426901	0,219298245614035	0,137061403508772	0,109649122807018	0,0548245614035088	
0,0587803085966201	0,0881704628949302	0,220426157237326	0,440852314474651	0,499632623071271	0,778839088905217	0,881704628949302	1,70462894930198	1,55767817781043	2,07200587803086	2,6157237325496	4,26157237325496	6,50991917707568	8,36149889786921	10,4628949301984	13,1814842027921	13,9603232916973	12,0646583394563	8,42027920646583	5,93681116825863	5,92211609110948	
6,98319594166138	6,4996829422955	9,69403931515536	11,857958148383	13,2054533925174	12,6268230818009	10,6135066582118	7,89473684210526	5,87349397590361	4,39917564996829	3,43214965123653	2,75047558655675	1,77552314521243	1,14933417882055	0,665821179454661	0,285351934051997	0,182308180088776	0,0713379835129994	0,0237793278376665	0,00792644261255549	0,00792644261255549	
2,5676613462873	3,19222761970854	5,62109646079112	7,39070090215128	9,19500346981263	9,19500346981263	10,1318528799445	7,56419153365718	6,03747397640527	6,62734212352533	6,38445523941707	5,17002081887578	5,37820957668286	5,34351145038168	4,75364330326162	2,81054823039556	1,59611380985427	0,589868147120056	0,381679389312977	0,0693962526023595	0	
0,207915645652335	0,155936734239252	0,252468998292121	0,415831291304671	0,460384643944457	0,742555877329769	1,04700378703497	1,63362293012549	2,10885869161654	2,30934877849558	2,46528551273483	3,46773594713002	5,84391475458528	8,680478205985	12,0888096829286	13,6481770253212	14,093710551719	12,0071285364224	8,22751912081384	5,42065790450731	4,72265537981733	
0,183574879227053	0,202898550724638	0,492753623188406	0,72463768115942	1,17874396135266	1,63285024154589	2,14492753623188	2,51207729468599	3,07246376811594	3,92270531400966	5,42995169082126	8,68599033816425	12,6183574879227	14,792270531401	13,8260869565217	11,5652173913043	7,84541062801932	4,69565217391304	2,42512077294686	1,11111111111111	0,93719806763285	
Nulladik
1,23103842766392	33,9762587908515	66,7214791540391	99,4666995172267	132,211919880414	164,957140243602	197,702360606789	230,447580969977	263,192801333165	295,938021696352	328,68324205954	361,428462422727	394,173682785915	426,918903149102	459,66412351229	492,409343875478	525,154564238665	557,899784601853	590,64500496504	623,390225328228	
0,0120848355455296	14,9590122661081	21,3841164978147	16,4152349493444	11,0636669419324	7,92563797860984	5,92761183508228	4,58619508952849	3,47439021933977	2,76742733992628	2,04636548570968	1,59922657052509	1,33738846703861	0,978871679187899	0,860037462990191	0,684807347580012	0,668694233519305	0,499506535881891	0,467280307760479	0,384700598199359	1,9577433583758	
1,23654479138867	73,5165910506183	15,2922337870296	4,53696290365626	2,09056133795926	1,36998487679032	0,729472466862379	0,427008273285295	0,169024108175429	0,106752068321324	0,124544079708211	0,0889600569344364	0,0355840227737746	0,0533760341606619	0,0355840227737746	0,00889600569344364	0,0177920113868873	0,0177920113868873	0	0,0177920113868873	0,124544079708211	
2,5223270501172	76,2548673937891	11,9258412600012	3,48321354539995	1,56918963947384	0,937639241364614	0,641236753908444	0,43394873980511	0,354520622251497	0,280904318177415	0,195664387144269	0,185978031345047	0,185978031345047	0,118173540750499	0,110424456111122	0,106549913791433	0,0910517445126794	0,0774908463937697	0,0600554059551715	0,06392994827486	0,401015130087758	
0,469011725293132	56,4489112227806	26,2981574539363	9,54773869346734	2,84757118927973	1,03852596314908	0,603015075376884	0,703517587939698	0,569514237855946	0,536013400335008	0,16750418760469	0,100502512562814	0,201005025125628	0,033500837520938	0,033500837520938	0,033500837520938	0	0	0	0	0,368509212730318	
0,137061403508772	44,3896198830409	22,9897660818713	10,5263157894737	5,19005847953216	3,05190058479532	2,26608187134503	1,66301169590643	1,13304093567251	1,19700292397661	0,840643274853801	0,758406432748538	0,785818713450292	0,557383040935672	0,310672514619883	0,338084795321637	0,301535087719298	0,264985380116959	0,283260233918129	0,155336257309942	2,86001461988304	
0,0587803085966201	39,0889052167524	27,5091844232182	15,635562086701	8,12637766348273	4,02645113886848	2,16017634092579	0,925789860396767	0,617193240264511	0,323291697281411	0,161645848640705	0,235121234386481	0,132255694342395	0,132255694342395	0,0734753857457752	0,0587803085966201	0,0293901542983101	0,0587803085966201	0,0440852314474651	0,014695077149155	0,587803085966201	
0,610336081166772	68,9521242866202	15,4090044388079	5,50887761572606	2,66328471781864	1,68040583386176	0,951173113506658	0,760938490805327	0,594483195941661	0,459733671528218	0,372542802790108	0,285351934051997	0,198161065313887	0,182308180088776	0,103043753963221	0,134749524413443	0,0871908687381103	0,0792644261255549	0,0871908687381103	0,103043753963221	0,776791376030438	
0,242886884108258	64,087439278279	22,970159611381	8,60513532269257	2,63705759888966	0,416377515614157	0,242886884108258	0	0,208188757807078	0,138792505204719	0,138792505204719	0,0693962526023595	0,0346981263011797	0	0,0346981263011797	0	0,0346981263011797	0,0346981263011797	0,0346981263011797	0	0,0693962526023595	
0,326724586025098	51,9046558253509	23,8805970149254	10,8784436028811	4,69295314472414	2,62122224697409	1,51481398975273	1,18066384495433	0,913343729115616	0,690576965916685	0,415831291304671	0,259894557065419	0,170787851785847	0,118808940372763	0,0668300289596792	0,0594044701863815	0,0222766763198931	0,0519789114130838	0,0297022350931908	0,0222766763198931	0,178213410559145	
1,14975845410628	64,9371980676328	16,9565217391304	7,34299516908213	3,26570048309179	1,68115942028985	1,11111111111111	0,801932367149758	0,589371980676328	0,367149758454106	0,309178743961353	0,222222222222222	0,183574879227053	0,173913043478261	0,154589371980676	0,115942028985507	0,0483091787439614	0,0676328502415459	0,0386473429951691	0,0483091787439614	0,434782608695652	
Elso
185,374530961616	558,953524557758	932,5325181539	1306,11151175004	1679,69050534618	2053,26949894233	2426,84849253847	2800,42748613461	3174,00647973075	3547,58547332689	3921,16446692303	4294,74346051918	4668,32245411532	5041,90144771146	5415,4804413076	5789,05943490374	6162,63842849989	6536,21742209603	6909,79641569217	7283,37540928831	
0,00201413925758827	0,225583596849886	1,09569175612802	3,79866663981148	8,30228201977885	13,4302805695986	16,48572982336	17,0194767266209	14,2681625007553	10,0948659590324	6,0101915446434	3,37166911720276	2,08866241011904	1,43809542991802	1,01714032508208	0,620354891337187	0,346431952305182	0,207456343531592	0,0886221273338839	0,0604241777276481	0,0281979496062358	
0	0,00889600569344364	0,160128102481986	0,444800284672182	1,23654479138867	1,85036918423628	3,49613023752335	5,22195534205142	6,36064407081221	8,13094920380749	9,26963793256828	10,2481985588471	10,9242949915488	10,265990570234	10,2393025531536	8,48678943154524	5,90694778044658	3,52281825460368	2,27737745752157	1,28102481985588	0,667200427008273	
0	0,102675371471745	1,94695751564346	5,89317886824619	10,0834963869893	12,0556384277107	11,890970379124	10,4941978728763	8,58792305158953	7,26089230709622	5,93579883376276	5,31393479145276	4,48478273503942	3,9190995563649	3,36310273348961	2,62500242158895	2,18136732598462	1,55369147019508	1,08293457835293	0,687731261744706	0,536624111276855	
0	0,301507537688442	1,30653266331658	2,3785594639866	3,61809045226131	4,02010050251256	5,09212730318258	6,26465661641541	7,93969849246231	8,00670016750419	8,71021775544389	8,00670016750419	8,8107202680067	7,93969849246231	8,44221105527638	6,56616415410385	5,29313232830821	2,98157453936348	2,14405360134003	1,13902847571189	1,03852596314908	
1,53508771929825	10,6907894736842	14,1355994152047	16,0270467836257	13,7152777777778	10,2613304093567	9,10087719298246	6,44188596491228	5,50073099415205	4,16666666666667	2,72295321637427	1,59904970760234	0,822368421052632	0,758406432748538	0,511695906432749	0,374634502923977	0,173611111111111	0,0639619883040936	0,00913742690058479	0,00913742690058479	1,3797514619883	
0,014695077149155	0,014695077149155	0,235121234386481	0,382072005878031	1,07274063188832	1,52828802351212	2,43938280675974	3,04188096987509	3,54151359294636	3,9529757531227	4,77590007347539	5,76047024246877	7,06833210874357	8,80235121234387	9,37545922116091	9,87509184423218	9,94856722997796	9,71344599559148	7,12711241734019	4,76120499632623	6,5686994856723	
12,2542802790108	37,7219403931516	16,5424857324033	9,47209892200381	5,96068484464173	4,6290424857324	3,41629676601141	3,05168040583386	2,16391883322765	1,69625871908687	1,20481927710843	0,792644261255549	0,428027901077996	0,285351934051997	0,166455294863665	0,0792644261255549	0,0554850982878884	0,015852885225111	0	0	0,0634115409004439	
0,346981263011797	7,77238029146426	12,0055517002082	10,1318528799445	7,80707841776544	7,8764746703678	7,14781401804303	6,87022900763359	6,76613462873005	6,17626648160999	6,21096460791117	4,75364330326162	4,54545454545455	4,12907702984039	3,01873698820264	2,35947258848022	1,24913254684247	0,520471894517696	0,208188757807078	0,0346981263011797	0,0693962526023595	
0	0,0891067052795723	0,475235761491052	0,861364817702532	1,15838716863444	1,58164401871241	2,53211554169451	2,83656345139972	3,33407588921066	3,92069503230118	4,28454741219277	5,51719016856018	6,99487636444643	8,33147694364001	10,2695477834707	10,3735056062969	9,9799509913121	9,52699190614094	7,55921883121705	5,4652112571471	4,90829434914977	
0,00966183574879227	0,231884057971014	1,20772946859903	2,44444444444444	4,04830917874396	6,02898550724638	7,84541062801932	9,40096618357488	8,63768115942029	8,97584541062802	8,8792270531401	8,16425120772947	7,78743961352657	6,91787439613527	5,53623188405797	4,84057971014493	3,8743961352657	2,39613526570048	1,41062801932367	0,782608695652174	0,579710144927536	
Masodik
135,349170134506	369,217985251636	603,086800368765	836,955615485894	1070,82443060302	1304,69324572015	1538,56206083728	1772,43087595441	2006,29969107154	2240,16850618867	2474,0373213058	2707,90613642293	2941,77495154006	3175,64376665719	3409,51258177432	3643,38139689145	3877,25021200858	4111,1190271257	4344,98784224283	4578,85665735996	
0,0120848355455296	0,239682571653004	1,2870349855989	3,80068077906906	9,49868073878628	16,3004290116619	18,8865838184052	15,6659751455216	11,2550101714033	7,69602610324478	4,91248564925779	3,35757014239965	2,23569457592298	1,59922657052509	1,10374831315837	0,77947189268666	0,485407561078773	0,336361256017241	0,241696710910592	0,108763519909767	0,19738564724365	
0,0711680455475492	10,3905346499422	26,9282092340539	20,834445334045	13,5219286540343	9,38528600658304	6,9922604750467	4,82163508584645	2,49088159416422	1,67244907036741	1,01414464905258	0,56044835868695	0,39142425051152	0,231296148029535	0,240192153722978	0,133440085401655	0,115648074014767	0,106752068321324	0,0711680455475492	0,00889600569344364	0,0177920113868873	
0,00193727115984424	0,321587012534144	1,96826749840175	3,1790619733044	4,15738390902575	5,19963579302195	6,06753327263217	6,40268118328522	6,43948933532226	6,64871462058544	6,79013541525407	7,09622425850946	7,44299579612158	7,39456401712548	7,26089230709622	6,68939731494217	5,65683178674519	4,09151668959104	2,92140490904512	1,71254770530231	2,5571979309944	
0	3,75209380234506	12,4623115577889	15,3098827470687	13,7353433835846	11,8257956448911	8,57621440536013	7,33668341708543	5,86264656616415	4,55611390284757	3,98659966499162	2,94807370184255	2,68006700167504	1,87604690117253	1,34003350083752	0,938023450586265	1,10552763819095	0,636515912897822	0,469011725293132	0,234505862646566	0,368509212730318	
1,2609649122807	7,42872807017544	9,47551169590643	12,6827485380117	14,8574561403509	14,1447368421053	11,8512426900585	9,38413742690059	5,5281432748538	3,38998538011696	2,47624269005848	1,33406432748538	1,25182748538012	0,703581871345029	0,758406432748538	0,603070175438597	0,328947368421053	0,246710526315789	0,201023391812865	0,109649122807018	1,9828216374269	
0,014695077149155	2,30712711241734	9,7722263041881	14,6069066862601	16,6495224099927	16,2380602498163	13,1667891256429	8,8905216752388	6,03967670830272	4,3791329904482	2,79206465833946	1,67523879500367	1,26377663482733	0,837619397501837	0,529022777369581	0,293901542983101	0,220426157237326	0,161645848640705	0,0734753857457752	0,0440852314474651	0,0440852314474651	
11,9689283449588	32,9977805960685	17,6997463538364	10,0348763474952	6,97526949904883	5,25523145212429	3,74920735573874	2,92485732403297	2,2431832593532	1,85478757133798	1,32371591629677	1,02251109701966	0,610336081166772	0,420101458465441	0,33291058972733	0,269499048826887	0,0554850982878884	0,142675967025999	0,015852885225111	0,0237793278376665	0,0792644261255549	
2,15128383067314	21,1658570437196	26,1623872310895	20,3678001387925	12,1096460791117	7,80707841776544	4,64954892435808	2,35947258848022	1,42262317834837	0,693962526023595	0,659264399722415	0,104094378903539	0,0693962526023595	0,0346981263011797	0,0346981263011797	0,0693962526023595	0,0693962526023595	0	0	0	0,0693962526023595	
0	0,631172495730304	7,15081309868568	14,8882453404619	18,4599391104181	17,5762976163956	12,0813841241553	9,17056508502265	6,53449172050197	4,53701641048489	2,76230786366674	2,16083760302963	1,52966510729932	0,861364817702532	0,542065790450731	0,371277938664885	0,304447909705205	0,141085616692656	0,111383381599465	0,0519789114130838	0,133660057919358	
0,00966183574879227	1,55555555555556	6,45410628019324	10,0966183574879	11,8550724637681	11,4782608695652	10,0772946859903	8,93719806763285	7,97101449275362	6,08695652173913	5,15942028985507	4,30917874396135	3,80676328502415	3,2463768115942	2,84057971014493	2,17391304347826	1,54589371980676	1,0048309178744	0,541062801932367	0,415458937198068	0,434782608695652	
Harmadik
96,440360627181	245,448909614097	394,457458601013	543,466007587929	692,474556574845	841,483105561761	990,491654548677	1139,50020353559	1288,50875252251	1437,51730150942	1586,52585049634	1735,53439948326	1884,54294847017	2033,55149745709	2182,560046444	2331,56859543092	2480,57714441784	2629,58569340475	2778,59424239167	2927,60279137858	
0,0140989748031179	0,547845878064009	2,06650687828556	4,97089568772785	10,1512618582449	16,8925859533928	19,5371507986062	16,4394046204355	11,7766722391186	7,14616608592318	4,13099961731354	2,29410461439304	1,40385506253902	0,868094020020544	0,547845878064009	0,380672319684183	0,235654293137828	0,181272533182944	0,122862494712884	0,0684807347580012	0,223569457592298	
3,61177831153812	46,8730539987546	30,3353794146428	8,91379770483053	3,24704207810693	2,19731340628058	1,62796904190019	1,4678409394182	0,916288586424695	0,462592296059069	0,186816119562317	0,0889600569344364	0,0266880170803309	0,0177920113868873	0,00889600569344364	0	0	0	0	0	0,0177920113868873	
0,0561808636354831	3,44059357988338	8,18690792150177	9,67279490110231	9,80646661113156	9,48100505627773	8,4639376973595	7,69484104690133	6,7300800092989	5,82149983533195	5,13958038706678	4,66107441058525	4,17675662062419	3,5994498149906	3,07251205951297	2,5920688118716	1,9353338886844	1,56144055483446	1,12168000154982	0,800092989015672	1,98570293884035	
0,435510887772194	13,9363484087102	17,3534338358459	14,2713567839196	11,356783919598	10,0502512562814	8,74371859296482	5,82914572864322	4,62311557788945	3,48408710217755	2,74706867671692	2,3785594639866	1,34003350083752	0,737018425460636	0,50251256281407	0,301507537688442	0,469011725293132	0,201005025125628	0,134003350083752	0,067001675041876	1,03852596314908	
1,01425438596491	7,61147660818714	9,88669590643275	11,6045321637427	11,2573099415205	12,5913742690058	11,5497076023392	9,42068713450292	6,65204678362573	4,25804093567251	3,10672514619883	1,85489766081871	1,29751461988304	0,968567251461988	0,749269005847953	0,584795321637427	0,43859649122807	0,466008771929825	0,475146198830409	0,310672514619883	3,90168128654971	
0,132255694342395	10,3453343130051	21,0874357090375	20,2939015429831	14,8420279206466	10,9625275532697	7,53857457751653	4,77590007347539	3,4974283614989	2,30712711241734	1,42542248346804	0,999265246142542	0,514327700220426	0,440852314474651	0,323291697281411	0,132255694342395	0,14695077149155	0,0440852314474651	0,0881704628949302	0,014695077149155	0,0881704628949302	
8,21179454660748	29,99365884591	18,8887127457197	11,1762840837032	7,8709575142676	6,00824350031706	4,76379201014585	3,84432466708941	2,5998731769182	1,66455294863665	1,16518706404566	0,689600507292327	0,705453392517438	0,475586556753329	0,475586556753329	0,40424857324033	0,118896639188332	0,198161065313887	0,198161065313887	0,142675967025999	0,40424857324033	
2,98403886190146	24,0458015267176	24,9826509368494	16,6204024982651	11,589174184594	7,28660652324774	4,37196391394865	3,2616238723109	2,01249132546842	1,38792505204719	0,763358778625954	0,346981263011797	0,208188757807078	0,0346981263011797	0,0346981263011797	0	0,0346981263011797	0	0	0	0,0346981263011797	
0,0594044701863815	6,66815177842133	15,8164401871241	17,2495730303705	14,1605405806787	11,8066384495433	9,60867305264721	7,04685527585951	5,25729561149477	3,67565159278236	2,75488230489344	2,07173089775006	1,35887725551348	0,972748199301998	0,519789114130838	0,38612905621148	0,163362293012549	0,118808940372763	0,0891067052795723	0,0445533526397861	0,170787851785847	
0,21256038647343	7,59420289855072	12,7826086956522	11,9613526570048	10,1739130434783	9,14009661835749	8,52173913043478	7,36231884057971	6,7536231884058	5,39130434782609	4,94685990338164	3,76811594202899	3,07246376811594	2,28985507246377	1,89371980676329	1,42995169082126	0,85024154589372	0,811594202898551	0,338164251207729	0,231884057971014	0,473429951690821	
Negyedik
77,8592663396604	182,234158730413	286,609051121165	390,983943511917	495,358835902669	599,733728293421	704,108620684174	808,483513074926	912,858405465678	1017,23329785643	1121,60819024718	1225,98308263793	1330,35797502869	1434,73286741944	1539,10775981019	1643,48265220094	1747,8575445917	1852,23243698245	1956,6073293732	2060,98222176395	
0,0120848355455296	0,688835626095188	2,36661362766622	5,58722230054986	10,9951862071744	15,5692964611573	16,5944933432698	14,4494350339382	10,5702028238232	7,48454148119801	4,85004733227255	3,32735805353582	2,14103003081633	1,51261858244879	1,14805937682531	0,751273943080425	0,503534814397067	0,451167193699772	0,259823964228887	0,257809824971299	0,479365143306008	
1,92153722978383	18,3702517569611	16,4042344987101	11,4669513388489	8,97606974468464	7,34810070278445	6,77875633840406	6,12934792278267	4,80384307445957	3,92313851080865	3,75411440263322	2,85561782759541	2,31296148029535	1,79699315007562	1,1208967173739	0,676096432701717	0,4892803131394	0,284672182190197	0,284672182190197	0,177920113868873	0,124544079708211	
2,43127530560453	12,0866347662682	10,4690133477983	8,82233286193068	7,43330944032236	6,70295821306108	6,54410197795385	6,07915689959124	5,5037873651175	5,14151765822662	4,77343613785622	4,19612933222263	3,99077858927914	3,66725430558515	3,08607295763188	2,43708711908406	1,85978031345047	1,42583157364536	0,966698308762277	0,755535752339255	1,62730777426916	
1,00502512562814	11,2227805695142	14,3048576214405	13,9698492462312	10,4522613065327	9,48073701842546	8,74371859296482	7,23618090452261	6,56616415410385	4,38860971524288	2,78056951423786	2,21105527638191	2,14405360134003	1,10552763819095	1,10552763819095	0,67001675041876	0,536013400335008	0,301507537688442	0,33500837520938	0,268006700167504	1,17252931323283	
0,191885964912281	3,52704678362573	7,14546783625731	8,82675438596491	9,81359649122807	11,3486842105263	11,5953947368421	10,4075292397661	8,58918128654971	6,47843567251462	4,3859649122807	3,62755847953216	2,71381578947368	1,88230994152047	1,48940058479532	1,33406432748538	0,868055555555556	0,968567251461988	0,703581871345029	0,520833333333333	3,58187134502924	
0,529022777369581	13,078618662748	21,3519470977223	19,3681116825863	12,6377663482733	9,65466568699486	7,09772226304188	5,12858192505511	3,37986774430566	2,36590742101396	1,64584864070536	1,10213078618663	0,764144011756062	0,587803085966201	0,367376928728876	0,279206465833946	0,17634092578986	0,11756061719324	0,102865540044085	0,0734753857457752	0,191036002939015	
0,689600507292327	10,0269499048827	15,0047558655675	13,2054533925174	11,9055168040583	9,74159797083069	8,94895370957514	7,05453392517438	5,7149651236525	4,29613189600507	3,63031071655041	2,33830057070387	1,68833227647432	1,41090678503488	1,0859226379201	0,848129359543437	0,610336081166772	0,467660114140774	0,293278376664553	0,301204819277108	0,73715916296766	
0,659264399722415	18,3553088133241	24,3580846634282	20,0208188757807	14,2956280360861	7,84177654406662	5,34351145038168	3,50451075641915	1,90839694656489	1,52671755725191	0,798056904927134	0,451075641915337	0,346981263011797	0,138792505204719	0,277585010409438	0,0346981263011797	0,0346981263011797	0,0693962526023595	0	0	0,0346981263011797	
0,252468998292121	10,42548451771	19,9896042177174	18,6010247271107	14,940224251875	10,7076557510953	8,14583797430757	5,83648919581199	3,58654488750279	2,32419989604218	1,73015519417836	1,08413158090146	0,735130318556471	0,490086879037648	0,334150144798396	0,170787851785847	0,178213410559145	0,0742555877329769	0,0668300289596792	0,0594044701863815	0,267320115838717	
0,222222222222222	5,04347826086957	9,95169082125604	11,3429951690821	10,8309178743961	9,70048309178744	8,97584541062802	8,10628019323672	6,71497584541063	6,13526570048309	5,46859903381643	4,33816425120773	3,57487922705314	2,77294685990338	2,04830917874396	1,66183574879227	1,07246376811594	0,734299516908213	0,367149758454106	0,318840579710145	0,618357487922705	
Otodik
72,2746191190191	172,014704602906	271,754790086792	371,494875570679	471,234961054565	570,975046538452	670,715132022338	770,455217506225	870,195302990111	969,935388473997	1069,67547395788	1169,41555944177	1269,15564492566	1368,89573040954	1468,63581589343	1568,37590137732	1668,1159868612	1767,85607234509	1867,59615782898	1967,33624331286	
0,0201413925758827	0,94261717255131	4,05446232552519	10,7212632681424	19,0175028701484	21,323692320087	17,5411387943362	11,3456464379947	6,27605792664505	3,36159842091482	1,74827287558662	1,10576245241596	0,706962879413483	0,475336864790832	0,354488509335535	0,257809824971299	0,189329090213297	0,173215976152591	0,0946645451066487	0,0725090132731777	0,217527039819533	
0,142336091095098	2,00160128102482	3,39827417489547	4,6881950004448	6,00480384307446	7,20576461168935	7,98861311271239	7,97082110132551	7,34810070278445	7,00115648074015	6,56525220176141	6,67200427008273	5,54221154701539	5,16857930789076	4,51027488657593	4,23449871007917	3,13139400409216	2,70438573080687	1,76140912730184	1,55680099635264	4,4035228182546	
2,63662604854802	13,2877428853717	14,6651426800209	14,0161568414731	12,5728898273891	10,8429066816482	8,64022937290532	6,48210930083884	4,64751351246634	3,23911737925957	2,40415350936671	1,68542590906449	1,26891260969798	0,966698308762277	0,722602142621903	0,546310467076077	0,41070148588698	0,277029775857727	0,20535074294349	0,104612642631589	0,377767876169627	
1,00502512562814	9,91624790619765	14,0033500837521	13,8358458961474	13,4673366834171	10,8877721943049	8,07370184254606	7,03517587939698	4,65661641541038	4,12060301507538	3,01507537688442	1,84254606365159	1,27303182579564	1,23953098827471	0,837520938023451	0,770519262981574	0,703517587939698	0,569514237855946	0,368509212730318	0,234505862646566	2,14405360134003	
0,173611111111111	4,12097953216374	8,21454678362573	11,9608918128655	14,4554093567251	14,4919590643275	12,0431286549708	8,96381578947369	6,1312134502924	4,07529239766082	2,80519005847953	2,15643274853801	1,58077485380117	1,35233918128655	1,11476608187134	0,840643274853801	0,703581871345029	0,566520467836257	0,45687134502924	0,475146198830409	3,31688596491228	
0,720058780308597	15,7090374724467	23,4533431300514	18,7068332108744	12,1528288023512	8,50844966936076	5,83394562821455	3,85011021307862	2,4834680382072	1,71932402645114	1,3078618662748	1,26377663482733	0,617193240264511	0,484937545922116	0,470242468772961	0,337986774430566	0,484937545922116	0,279206465833946	0,191036002939015	0,11756061719324	1,3078618662748	
0,57863031071655	9,36112872542803	14,5291693088142	13,8871274571972	12,428662016487	9,97939124920736	8,63982244768548	6,39663918833228	4,59733671528218	3,78091312618897	2,90107799619531	2,56024096385542	1,85478757133798	1,52187698161065	1,19689283449588	0,943246670894103	0,911540900443881	0,729232720355105	0,435954343690552	0,523145212428662	2,2431832593532	
2,35947258848022	26,4746703678001	27,6891047883414	18,4941013185288	10,7911172796669	5,1353226925746	2,87994448299792	2,01249132546842	1,56141568355309	0,624566273421235	0,416377515614157	0,451075641915337	0,173490631505899	0,208188757807078	0,138792505204719	0,138792505204719	0,104094378903539	0,104094378903539	0,0346981263011797	0,0693962526023595	0,138792505204719	
0,363852379891587	9,74233311056657	18,2371723472191	16,5441449469073	13,9451993762531	10,9898269844806	8,06415682780129	5,4652112571471	4,64839979208435	3,5494170936363	2,62864780574738	1,81183634068464	1,21779163882082	0,787109229969555	0,601470260637113	0,467810202717755	0,245043439518824	0,155936734239252	0,09653226405287	0,0668300289596792	0,371277938664885	
0,502415458937198	7,03381642512077	12,1352657004831	12,5990338164251	12,8888888888889	11,4009661835749	10,2415458937198	7,96135265700483	6,02898550724638	4,54106280193237	3,36231884057971	2,56038647342995	2,24154589371981	1,50724637681159	1,29468599033816	1,0048309178744	0,63768115942029	0,579710144927536	0,367149758454106	0,386473429951691	0,72463768115942	
Hatodik
117,469442360961	294,673142430787	471,876842500614	649,08054257044	826,284242640266	1003,48794271009	1180,69164277992	1357,89534284975	1535,09904291957	1712,3027429894	1889,50644305922	2066,71014312905	2243,91384319888	2421,1175432687	2598,32124333853	2775,52494340836	2952,72864347818	3129,93234354801	3307,13604361783	3484,33974368766	
0,0463252029245302	1,61131140607062	6,55602328344982	18,2803279018711	28,4517311526919	22,8786078269452	11,3496747165099	4,86213216781808	2,46127817277287	1,36155813812967	0,715019436443836	0,453181332957361	0,271908799774416	0,181272533182944	0,161131140607062	0,0805655703035308	0,0704948740155894	0,074523152530766	0,0402827851517654	0,0201413925758827	0,0725090132731777	
0,0711680455475492	2,11724935503959	6,36064407081221	9,73223022862735	11,6359754470243	13,5397206654212	11,4847433502357	9,41197402366338	7,59718886220087	6,24499599679744	4,45689885241527	3,86976247664799	3,33600213504137	2,35744150876257	1,87705720131661	1,69913708744774	1,24544079708211	0,791744506716484	0,613824392847611	0,480384307445957	1,07641668890668	
2,09806466611132	19,800848524768	21,007768457351	17,5729866909471	13,8301788101281	10,0389391503129	5,96485790116042	3,46577810496135	2,10000193727116	1,33477982913268	0,916329258606327	0,629613126949379	0,466882349522463	0,246033437300219	0,172417133226138	0,118173540750499	0,06392994827486	0,0348708808771964	0,0445572366764176	0,0193727115984424	0,0736163040740812	
1,03852596314908	15,5108877721943	16,3819095477387	15,678391959799	12,6968174204355	11,5242881072027	7,20268006700167	4,65661641541038	3,75209380234506	2,41206030150754	2,04355108877722	2,04355108877722	1,13902847571189	1,00502512562814	0,67001675041876	0,737018425460636	0,33500837520938	0,234505862646566	0,268006700167504	0,234505862646566	0,435510887772194	
0,0822368421052632	3,0062134502924	7,66630116959064	12,1345029239766	16,8220029239766	15,4513888888889	11,1750730994152	7,38304093567251	5,30884502923977	3,60014619883041	2,98793859649123	2,09247076023392	1,82748538011696	1,57163742690058	1,34320175438596	1,11476608187134	1,05080409356725	0,922880116959064	0,776681286549708	0,694444444444444	2,98793859649123	
1,66054371785452	25,3930933137399	28,5819250551065	16,9875091844232	10,4628949301984	6,15723732549596	3,6590742101396	2,43938280675974	1,23438648052902	0,925789860396767	0,617193240264511	0,573108008817046	0,367376928728876	0,323291697281411	0,191036002939015	0,14695077149155	0,0734753857457752	0,0293901542983101	0,0881704628949302	0,0293901542983101	0,0587803085966201	
0,015852885225111	3,36873811033608	8,22764743183259	9,48795180722892	10,1616994292961	8,40202916930881	7,00697526949905	6,12714013950539	5,23937856689918	4,30405833861763	3,92358909321497	3,36873811033608	3,0279010779962	3,15472415979708	2,80596068484464	2,96448953709575	2,90107799619531	2,37000634115409	2,37793278376665	2,08465440710209	8,67945466074826	
0,277585010409438	17,6613462873005	31,2630117973629	21,0964607911173	11,9361554476058	5,44760582928522	2,87994448299792	1,35322692574601	1,38792505204719	1,00624566273421	0,555170020818876	0,520471894517696	0,416377515614157	0,451075641915337	0,381679389312977	0,312283136710618	0,520471894517696	0,589868147120056	0,208188757807078	0,242886884108258	1,49201943095073	
2,73260562857355	25,5736244152372	26,3978614390733	17,2421474715972	11,3908071582387	7,30674983292493	4,09148288408703	1,9232197222841	1,32917502042029	0,660874730823495	0,475235761491052	0,237617880745526	0,103957822826168	0,111383381599465	0,09653226405287	0,0594044701863815	0,0445533526397861	0,00742555877329769	0,0371277938664885	0,0519789114130838	0,126234499146061	
0,792270531400966	12,4444444444444	17,304347826087	16,6280193236715	14,6570048309179	11,0531400966184	8,14492753623188	5,82608695652174	3,63285024154589	2,45410628019324	1,97101449275362	1,45893719806763	1,06280193236715	0,695652173913043	0,618357487922705	0,347826086956522	0,231884057971014	0,135265700483092	0,135265700483092	0,0966183574879227	0,309178743961353	
Hetedik
73,476194510809	247,172676462321	420,869158413834	594,565640365346	768,262122316858	941,95860426837	1115,65508621988	1289,3515681714	1463,04805012291	1636,74453207442	1810,44101402593	1984,13749597744	2157,83397792896	2331,53045988047	2505,22694183198	2678,92342378349	2852,61990573501	3026,31638768652	3200,01286963803	3373,70935158954	
0,00604241777276481	0,620354891337187	4,24580555499607	11,682007694012	23,5050051360551	26,4859312372857	16,8845293963625	7,60740397591089	3,71608693025036	1,94565852283027	1,11180487018872	0,713005297186247	0,483393421821185	0,330318838244476	0,181272533182944	0,161131140607062	0,0906362665914721	0,0644524562428246	0,0422969244093537	0,0362545066365889	0,0866079880762956	
0,569344364380393	8,49568543723868	17,5874032559381	17,5162352103905	15,0342496219198	12,3743439195801	9,2340539097945	6,52077217329419	4,45689885241527	3,15808202117249	1,73472111022151	1,23654479138867	0,676096432701717	0,569344364380393	0,311360199270528	0,19571212525576	0,0889600569344364	0,124544079708211	0,0533760341606619	0,0177920113868873	0,0444800284672182	
2,32472539181309	29,2857281233654	24,0008523993103	16,1645905577404	10,8739030202057	7,67546833530289	4,58358356419148	2,38671806892811	1,14492725546795	0,679982177105329	0,375830605009783	0,211162556423023	0,0949262868323679	0,0581181347953273	0,0251845250779752	0,0193727115984424	0,0135608981189097	0,00968635579922122	0,00387454231968849	0,00581181347953273	0,0619926771150158	
0,703517587939698	13,9028475711893	17,3869346733668	15,5108877721943	12,9313232830821	10,6197654941374	7,97319932998325	5,86264656616415	4,42211055276382	2,81407035175879	2,31155778894472	1,90954773869347	0,971524288107203	0,636515912897822	0,636515912897822	0,268006700167504	0,50251256281407	0,067001675041876	0,134003350083752	0,16750418760469	0,268006700167504	
0,0274122807017544	0,621345029239766	2,54934210526316	6,33223684210526	11,0928362573099	13,7061403508772	11,7598684210526	9,16483918128655	7,58406432748538	6,11293859649123	5,55555555555556	4,23976608187134	3,55445906432749	3,26206140350877	2,64985380116959	2,15643274853801	1,82748538011696	1,42543859649123	1,1421783625731	0,858918128654971	4,37682748538012	
0,264511388684791	21,6311535635562	29,0227773695812	19,2358559882439	11,4621601763409	6,81851579720794	4,21748714180749	2,95371050698016	1,77810433504776	0,984570168993387	0,573108008817046	0,20573108008817	0,308596620132256	0,20573108008817	0,0881704628949302	0,14695077149155	0	0,014695077149155	0,014695077149155	0	0,0734753857457752	
0	0,269499048826887	1,28408370323399	2,22733037412809	5,1284083703234	7,30818008877616	8,11667723525682	8,14838300570704	8,67945466074826	8,30691185795815	7,75998731769182	6,52346227013316	5,94483195941661	4,66074825618263	4,02663284717819	3,83639822447685	2,90900443880786	2,58402029169309	2,25110970196576	2,0291693088142	8,00570703868104	
0	0,624566273421235	4,71894517696044	8,18875780707842	10,7564191533657	11,4156835530881	10,6523247744622	8,2234559333796	6,83553088133241	5,34351145038168	5,93337959750173	4,44136016655101	3,78209576682859	3,12283136710618	2,87994448299792	2,9146426092991	1,83900069396253	1,90839694656489	1,28383067314365	1,28383067314365	3,85149201943095	
1,30689834410039	35,2788297319373 	26,7765649365115	14,0120294052127	7,98247568129502	6,03697928269102	3,71277938664885	1,83411301700453	1,11383381599465	0,67572584837009	0,438107967624564	0,363852379891587	0,141085616692656	0,0668300289596792	0,0816811465062746	0,0371277938664885	0	0,0148511175465954	0,0222766763198931	0,00742555877329769	0,09653226405287	
2,33816425120773	26,6183574879227	21,8743961352657	15,0628019323671	10,3864734299517	8,29951690821256	5,89371980676329	3,09178743961353	2,02898550724638	1,03381642512077	0,859903381642512	0,734299516908213	0,376811594202899	0,434782608695652	0,21256038647343	0,202898550724638	0,106280193236715	0,0966183574879227	0,0772946859903382	0,0676328502415459	0,202898550724638	
Nyolcadik
48,422396910261	365,127407543846	681,832418177431	998,537428811016	1315,2424394446	1631,94745007819	1948,65246071177	2265,35747134536	2582,06248197894	2898,76749261253	3215,47250324611	3532,1775138797	3848,88252451328	4165,58753514687	4482,29254578045	4798,99755641404	5115,70256704762	5432,40757768121	5749,11258831479	6065,81759894838	
0,00201413925758827	5,33746903260891	26,2261072730569	39,9726077060968	17,5874639972608	5,72821204858104	1,89127676287539	1,06950794577937	0,632439726882717	0,461237889987714	0,292050192350299	0,201413925758827	0,183286672440533	0,0966786843642369	0,0563958992124715	0,0604241777276481	0,0725090132731777	0,030212088863824	0,030212088863824	0,0241696710910592	0,0443110636669419	
0,809536518103372	69,4422204430211	18,8239480473268	6,81434036117783	2,13504136642647	0,818432523796815	0,471488301752513	0,284672182190197	0,142336091095098	0,0978560626278801	0,0711680455475492	0,0355840227737746	0,0266880170803309	0	0	0	0	0	0	0	0,0266880170803309	
2,63468877738817	79,054224219764	9,59336678354869	5,0136577616769	2,30147813789496	0,720664871462058	0,300277029775858	0,104612642631589	0,071679032914237	0,0619926771150158	0,0309963385575079	0,0174354404385982	0,0116236269590655	0,00968635579922122	0,00968635579922122	0,00193727115984424	0,00193727115984424	0,00193727115984424	0,00193727115984424	0	0,0561808636354831	
0,67001675041876	49,5142378559464	24,3551088777219	13,6348408710218	5,32663316582915	2,51256281407035	1,13902847571189	0,569514237855946	0,268006700167504	0,368509212730318	0,201005025125628	0,368509212730318	0,134003350083752	0,033500837520938	0,100502512562814	0,134003350083752	0,067001675041876	0,033500837520938	0	0,100502512562814	0,469011725293132	
0,00913742690058479	4,52302631578947	14,327485380117	21,8201754385965	16,0270467836257	9,93238304093567	7,15460526315789	5,74744152046784	4,10270467836257	2,89656432748538	2,34831871345029	1,54422514619883	1,38888888888889	0,968567251461988	0,813230994152047	0,712719298245614	0,703581871345029	0,657894736842105	0,557383040935672	0,475146198830409	3,28947368421053	
0,191036002939015	59,9706098457017	24,6730345334313	8,27332843497428	3,3651726671565	1,77810433504776	0,675973548861132	0,337986774430566	0,191036002939015	0,191036002939015	0,102865540044085	0,0293901542983101	0,0881704628949302	0,0587803085966201	0,0293901542983101	0,014695077149155	0,014695077149155	0,014695077149155	0	0	0	
0	1,40298034242232	5,50095117311351	7,39537095751427	8,0136334812936	8,40202916930881	9,0995561192137	9,15504121750159	8,09289790741915	6,30152187698161	5,01743817374762	3,7571337983513	3,24191502853519	2,9565630944832	2,56024096385542	2,37793278376665	2,20355104629042	2,11636017755231	2,0291693088142	1,99746353836398	8,37824984147115	
0	2,63705759888966	4,40666204024983	6,34975711311589	6,69673837612769	6,24566273421235	5,75988896599584	5,37820957668286	5,96807772380291	5,93337959750173	5,69049271339348	5,55170020818876	5,6557945870923	3,92088827203331	4,75364330326162	3,92088827203331	3,99028452463567	3,40041637751561	2,84524635669674	3,12283136710618	7,77238029146426	
0,438107967624564	73,683819707433	13,2397712927898	6,97259968812653	2,70290339348036	1,22521719759412	0,623746936957006	0,452959085171159	0,282171233385312	0,126234499146061	0,0668300289596792	0,0297022350931908	0,0297022350931908	0,0222766763198931	0,0148511175465954	0	0	0	0	0	0,0891067052795723	
1,75845410628019	70,1352657004831	13,1207729468599	7,11111111111111	4,1256038647343	1,57487922705314	0,695652173913043	0,502415458937198	0,309178743961353	0,280193236714976	0,0772946859903382	0,164251207729469	0,00966183574879227	0,0386473429951691	0,00966183574879227	0,00966183574879227	0,00966183574879227	0,0193236714975845	0	0	0,0483091787439614	
Intensity
-4,24040724039354	-3,90116028757166	-3,56191333474978	-3,22266638192789	-2,88341942910601	-2,54417247628413	-2,20492552346224	-1,86567857064036	-1,52643161781847	-1,18718466499659	-0,847937712174708	-0,508690759352824	-0,16944380653094	0,169803146290944	0,509050099112827	0,84829705193471	1,18754400475659	1,52679095757848	1,86603791040036	2,20528486322224	
1,92148885173921	3,96181191967613	9,43624242180104	14,3144877036798	18,6992688674495	18,0426594694757	13,5471006465387	7,7262381921086	4,42506394892143	2,8338939354267	1,8026546355415	1,17424318717396	0,839896070414308	0,567987270639892	0,348446091562771	0,203428065016415	0,0845938488187073	0,0584100384700598	0,0120848355455296	0	0	
0,0355840227737746	0,124544079708211	0,320256204963971	1,45004892803131	1,11200071168046	1,17427275153456	1,8147851614625	1,11200071168046	1,20096076861489	1,94822524686416	2,97126590161018	4,81273908015301	7,24134863446313	10,8531269460012	14,2602971265902	17,0803309314118	15,3456098211903	9,78560626278801	5,02624321679566	1,93932924117071	0,39142425051152	
0,451384180243709	0,294465216296325	0,712915786822682	1,53044421627695	1,76097948429842	1,13136635734904	0,71679032914237	0,6392994827486	0,858211123811	1,31540711753424	2,05544470059474	3,44640539336291	5,21900850462039	7,73939828357775	10,6782386330615	13,9115441988415	15,025475115752	14,0394040953912	10,1086809120673	5,36624111276855	2,99889575543889	
0,134003350083752	0	0,402010050251256	1,4070351758794	0,971524288107203	2,51256281407035	2,14405360134003	3,14907872696817	4,82412060301507	7,30318257956449	9,98324958123953	11,9932998324958	13,4338358458961	11,4237855946399	10,0167504187605	8,5427135678392	5,82914572864322	3,3500837520938	1,64154103852596	0,603015075376884	0,33500837520938	
4,03874269005848	1,73611111111111	2,13815789473684	3,85599415204678	4,47733918128655	4,46820175438596	5,40021929824561	6,37792397660819	8,50694444444444	9,60343567251462	10,4166666666667	10,4258040935673	9,52119883040936	7,11805555555556	5,03472222222222	3,07931286549708	1,99195906432749	0,977704678362573	0,45687134502924	0,219298245614035	0,155336257309942	
0,014695077149155	0,014695077149155	0,573108008817046	2,43938280675974	3,13005143277002	5,20205731080088	7,2887582659809	11,6678912564291	14,886113152094	16,0617193240265	12,6965466568699	8,31741366642175	5,96620132255694	4,42321822189566	3,21822189566495	2,17487141807494	1,07274063188832	0,558412931667891	0,264511388684791	0,0293901542983101	0	
0,301204819277108	0,459733671528218	0,943246670894103	1,02251109701966	0,919467343056436	2,01331642358909	2,63157894736842	3,59067850348763	4,79549778059607	6,23811033608117	8,12460367786937	9,7574508560558	11,1683576410907	11,215916296766	10,5421686746988	10,1775523145212	6,65821179454661	4,77964489537096	2,50475586556753	1,62492073557387	0,531071655041218	
0,0346981263011797	0	0,381679389312977	0,208188757807078	0,0693962526023595	0,312283136710618	0,832755031228314	2,5676613462873	5,1353226925746	8,50104094378904	12,4566273421235	16,7244968771686	15,3712699514226	12,8730048577377	11,0340041637752	7,32130464954892	3,88619014573213	1,63081193615545	0,589868147120056	0,0693962526023595	0	
0,133660057919358	0,259894557065419	0,943045964208807	1,18066384495433	2,33905101358877	2,9033934803594	3,08903244969184	3,74990718051533	4,97512437810945	7,21021756887206	9,9799509913121	13,9526249350264	17,2050196777308	14,8733942229153	9,58639637632732	4,98254993688275	1,90836860473751	0,556916907997327	0,118808940372763	0,0519789114130838	0	
0,309178743961353	0,917874396135266	1,75845410628019	1,31400966183575	1,42028985507246	2,28985507246377	1,86473429951691	2,36714975845411	2,8792270531401	4,1256038647343	4,85990338164251	6,64734299516908	8,44444444444444	9,71980676328502	12,4251207729469	13,5169082125604	11,8454106280193	7,91304347826087	3,69082125603865	1,30434782608696	0,386473429951691	
Weights:
0,95033160567351	1,06638518061193	0,80112270509402	0,848199874539038	0,791975948964528	0,9350058713378	0,831562480832843	0,722812419809685	0,855857334183985	0,835010729676579	0,880238198780867	0,845310446600659	0,861274570083401	0,879859597898723	0,91457097786294	0,93304246095441	3,04743959709508	
1,03119699327226	0,975860973809354	0,888812134833968	1,07304160797061	1,08601744817942	0,986109634776622	1,04190619430011	0,883128096248687	1,05964725505447	0,975318156987766	1,29181341422739	0,991948996902122	1,05112871833405	0,986720150407552	0,904225456932297	0,739860930105088	1,03326383765823	
1,07460316408433	1,01037388482356	1,00898242256807	1,04118649328042	1,02205159560711	1,03690844011809	1,05697716281667	0,973043757867442	0,995789705510329	1,07500081228976	0,963633956778743	0,989931898351701	0,935731231754011	0,922405699559872	0,928898359658451	0,907878516901937	1,05660289802949	
1,0550249491476	0,948657730927162	0,900721612389524	1,06362378641284	1,10407519924199	1,01032806303048	1,08750283011424	0,917791613370601	1,09204278734461	1,02334356693823	0,95448192937401	1,0649406963708	1,02093963088106	0,988015711223422	0,962162539096198	0,754614629453401	1,05173272468383	
1,04427339430068	0,888842078098697	0,995376188741154	1,02463816751438	1,10545031501462	1,00840249585714	1,06104148095626	0,859546316218266	1,04936654990831	0,973700507603651	0,960006148380982	1,04828734987965	1,01208180232485	0,993232666909611	1,02550104468056	0,954563545886056	0,99568994772514	
0,95296661312318	0,91740015016602	1,05552888846695	0,93333559825057	0,95039839602274	0,91373430445832	0,95152913450821	0,965736592076277	0,96226001722282	0,880659995640011	0,848539454059128	0,92414378871804	0,874681159374668	0,885814259400984	0,873687006464555	0,638079272301006	2,67150536974652	
0,985231047203126	0,889939734615482	1,0156776495861	1,1067559454869	1,04825021404987	1,01699770625848	1,07714937110315	0,8353161568581	1,31120746002978	1,06516973782071	0,854760560653532	0,957532895991352	0,915624240513655	0,953143558694254	1,03733422144097	0,994854345637945	0,935055154056599	
1,00540039003954	0,884521322410218	0,917225832275474	0,985333067910867	1,03688903553037	1,07101259814851	1,00790645952101	0,870195859471569	0,957337527698991	0,985534152944166	0,899299333002749	1,1047115835514	1,17171805610631	1,03551090364952	0,985833341028975	1,02975481267746	1,05181572403288	
1,06480868554034	0,975238496548202	0,991317255576681	1,07277818982932	1,05223571139622	1,02687303552489	1,0669999477376	0,841426312570728	1,07823626714492	1,03765200262939	0,949181184564615	1,03967113296934	0,970315148023553	0,992636688179446	1,05393098591522	0,749519003837364	1,03717995201218	
1,03929545389943	0,954607537143173	0,93146797821872	1,08193593088163	1,08075647128601	1,03662186016165	1,08766105685653	0,893640738503102	1,0683497047793	1,02647587604026	0,977288872682024	1,05922322058773	1,01144312309773	0,973450222594601	0,967578752260524	0,775481392564025	1,03472180844357	
