si	0,1	0,123	2,130	si
aI	0,134	0,040	0,280	mv
n	0,066	0,030	0,210	na
s	0,072	0,030	0,280	s-
S	0,079	0,030	0,260	s-
t	0,080	0,030	0,530	b-	0,031	0,010	0,0462	uv
r	0,052	0,030	0,220	li
I	0,057	0,030	0,160	hv
z	0,083	0,030	0,180	s+
C	0,088	0,030	0,270	s-
O	0,074	0,030	0,160	mv
6	0,068	0,030	0,260	mv
v	0,051	0,030	0,130	s+
U	0,075	0,030	0,180	mv
@	0,065	0,030	0,310	mv
e	0,073	0,040	0,240	hv
f	0,074	0,030	0,450	s-
i	0,084	0,040	0,240	hv
b	0,042	0,030	0,090	b-	0,031	0,010	0,0462	uv
d	0,050	0,030	0,160	b+	0,031	0,010	0,0462	vo
k	0,056	0,030	0,200	b-	0,031	0,010	0,0462	uv
a:	0,129	0,040	0,310	mv
a	0,089	0,030	0,240	mv
m	0,084	0,030	0,320	na
l	0,057	0,030	0,220	li
aU	0,177	0,040	0,320	mv
j	0,110	0,030	0,560	na
g	0,065	0,030	0,170	b+	0,031	0,010	0,0462	vo
E	0,065	0,030	0,170	mv
ts	0,120	0,040	1,080	b-	0,031	0,010	1,0462	uv
N	0,079	0,030	0,290	na
u	0,085	0,040	0,240	mv
x	0,179	0,050	0,700	s+
Y	0,057	0,030	0,160	hv
o	0,079	0,040	0,240	mv
h	0,211	0,030	1,660	s-
p	0,048	0,030	0,130	b-	0,031	0,010	0,0462	uv
