si	0,1	0,123	2,130	si
D	0,043	0,030	0,130	b+	0,031	0,010	0,0462	vo
I	0,048	0,030	0,220	hv
n	0,060	0,030	0,370	na
O	0,084	0,040	0,170	mv
T	0,083	0,030	0,140	b-	0,031	0,010	0,0462	uv
w	0,068	0,030	0,170	s+
@	0,058	0,030	0,260	mv
s	0,083	0,030	0,190	s-
V	0,074	0,030	0,160	s+
3	0,125	0,040	0,300	mv
d	0,057	0,030	0,190	b+	0,031	0,010	0,0462	vo
p	0,042	0,030	0,130	b-	0,031	0,010	0,0462	uv
j	0,042	0,030	0,110	li
u	0,083	0,040	0,230	mv
t	0,057	0,030	0,190	b-	0,031	0,010	0,0462	uv
N	0,069	0,030	0,180	na
tS	0,109	0,060	0,180	b-	0,031	0,010	0,0462	uv	0,330	0,020	0,0862	s-
Q	0,062	0,030	0,170	mv
z	0,079	0,030	0,170	s+
r	0,040	0,030	0,120	li
g	0,040	0,030	0,100	b+	0,031	0,010	0,0462	vo
E	0,055	0,030	0,140	mv
EI	0,063	0,040	0,170	hv
v	0,054	0,030	0,125	s+
l	0,051	0,030	0,190	li
k	0,062	0,030	0,140	b-	0,031	0,010	0,0462	uv
m	0,055	0,030	0,180	na
@U	0,075	0,040	0,200	mv
i	0,074	0,040	0,180	hv
h	0,085	0,030	0,230	s-
U	0,066	0,030	0,150	mv
f	0,059	0,030	0,230	s-
S	0,063	0,030	0,190	s-
b	0,048	0,030	0,120	b+	0,031	0,010	0,0462	vo
a	0,076	0,040	0,160	mv
aU	0,098	0,040	0,180	mv
aI	0,055	0,040	0,090	mv
dZ	0,044	0,040	0,060	b+	0,031	0,010	0,0462	vo	0,330	0,020	0,0862	s+
I@	0,195	0,120	0,270	mv
