si	0,1	0,15	2,130	si
n	0,070	0,030	0,180	na
e:	0,121	0,030	0,266	hv
p	0,088	0,030	0,242	b-	0,028	0,010	0,0462	uv
m	0,075	0,030	0,160	na
E	0,086	0,030	0,205	mv
S	0,119	0,043	0,240	s-
O	0,081	0,030	0,200	mv
z	0,081	0,030	0,178	s+
s	0,118	0,056	0,214	s-
k	0,071	0,030	0,196	b-	0,031	0,010	0,0462	uv
i	0,071	0,030	0,175	hv
l	0,061	0,026	0,180	li
d'	0,074	0,025	0,190	b+	0,031	0,010	0,0462	vo
v	0,058	0,028	0,134	s+
t	0,098	0,030	0,252	b-	0,031	0,010	0,0462	uv
a:	0,124	0,043	0,243	mv
b	0,084	0,030	0,248	b+	0,031	0,010	0,0462	vo
o	0,069	0,025	0,175	mv
h	0,059	0,018	0,387	s-
j	0,062	0,024	0,148	li
y	0,087	0,030	0,205	hv
2	0,088	0,036	0,198	mv
r	0,049	0,019	0,130	li
ts	0,130	0,050	0,219	b-	0,031	0,010	0,0462	uv	0,330	0,020	0,419	s-
tS	0,094	0,040	0,172	b-	0,031	0,010	0,0462	uv	0,330	0,020	0,419	s-
u	0,088	0,039	0,200	hv
g	0,076	0,030	0,202	b+	0,031	0,010	0,0462	vo
J	0,095	0,030	0,240	na
d	0,063	0,025	0,134	b+	0,031	0,010	0,0462	vo
t'	0,150	0,064	0,240	b-	0,031	0,010	0,0462	uv
f	0,106	0,040	0,200	s-
2:	0,111	0,030	0,320	mv
o:	0,119	0,030	0,290	mv
u:	0,138	0,050	0,309	hv
